//mejor red de momento
    { { -1029.62 , 388545.61 , -1220769.55 , -551184.04 , 337684.06 , 266508.13 , 409097.83 , -596551.14 , 29121.83 , 160004.18 , -19403.08 , 257659.98 , 204086.72 , 108378.69 , -84939.39 , -60470.26 , 64935.99 , 170119.74 , -91687.06 , -39202.13 , -127617.81 , 300099.92 , 105683.24 , -51595.33 , 5.71 , -27170.55}
, { -1065.68 , 404378.07 , -1270516.10 , -573646.80 , 351439.79 , 277365.44 , 425760.45 , -620882.24 , 30314.42 , 166518.29 , -20182.73 , 268149.18 , 212402.10 , 112796.49 , -88399.98 , -62933.03 , 67588.84 , 177055.00 , -95408.68 , -40786.08 , -132824.02 , 312338.53 , 109993.04 , -53715.14 , -3.73 , -28268.87}
, { -2704.81 , 1169778.71 , -3675528.01 , -1659661.77 , 1016385.40 , 802221.26 , 1231169.17 , -1797534.86 , 88071.75 , 481323.32 , -57674.02 , 775070.37 , 614360.01 , 326382.47 , -255682.16 , -181961.46 , 195973.68 , 512383.95 , -275049.36 , -117112.63 , -384622.16 , 904213.31 , 318388.62 , -156519.28 , -655.20 , -81183.01}
}




   


    /* perceptron
    { { -32784.86 , -36.58 , -995.66 , -4.99 , -11.25 , -13.84 , 25.27 , -19.53 , -38.45 , -24.02 , -55.15 , 16.66 , -17.22 , 6603.63 , -57.88 , 41.69 , 537.40 , -35.85 , -8.40 , 135.81 , -109.19 , -9.11 , 94.08 , 75.02 , -17.42 , -15.14} 
, { -36011.70 , -51.98 , -1714.19 , -22.59 , -15.54 , -38.56 , -22.26 , -30.00 , -46.98 , -54.17 , -2.17 , 16.54 , -29.79 , 6919.31 , -23.89 , 58.23 , 577.96 , -53.53 , -6.36 , -11.70 , -104.75 , -20.41 , 150.38 , 171.59 , -14.67 , -22.41} 
, { -713.78 , -82.61 , 164.31 , 69.37 , 256.22 , 127.42 , -28.69 , 256.75 , -136.55 , 367.51 , -444.34 , -132.91 , 309.45 , -4.38 , -196.82 , -56.80 , -990.89 , -17.39 , 366.07 , -735.43 , 428.23 , 366.72 , 253.30 , 254.82 , 144.00 , 68.68} 
}